digraph Tree {
node [shape=box] ;
0 [label="X[1] <= 103.0\ngini = 0.895\nsamples = 20\nvalue = [[1, 2, 1, 1, 1, 1, 1, 1, 2, 1, 2, 1, 2, 1, 1, 1]\n[1, 1, 4, 3, 2, 3, 3, 2, 1, 0, 0, 0, 0, 0, 0, 0]\n[2, 3, 3, 2, 3, 1, 1, 2, 1, 1, 1, 0, 0, 0, 0, 0]]"] ;
1 [label="X[1] <= 65.0\ngini = 0.759\nsamples = 6\nvalue = [[0, 0, 0, 0, 0, 0, 0, 0, 1, 1, 0, 0, 2, 0, 1, 1]\n[0, 0, 0, 0, 0, 2, 1, 2, 1, 0, 0, 0, 0, 0, 0, 0]\n[1, 1, 0, 1, 2, 1, 0, 0, 0, 0, 0, 0, 0, 0, 0, 0]]"] ;
0 -> 1 [labeldistance=2.5, labelangle=45, headlabel="True"] ;
2 [label="X[0] <= 2.5\ngini = 0.5\nsamples = 2\nvalue = [[0, 0, 0, 0, 0, 0, 0, 0, 1, 0, 0, 0, 0, 0, 0, 1]\n[0, 0, 0, 0, 0, 0, 1, 0, 1, 0, 0, 0, 0, 0, 0, 0]\n[0, 1, 0, 1, 0, 0, 0, 0, 0, 0, 0, 0, 0, 0, 0, 0]]"] ;
1 -> 2 ;
3 [label="gini = 0.0\nsamples = 1\nvalue = [[0, 0, 0, 0, 0, 0, 0, 0, 0, 0, 0, 0, 0, 0, 0, 1]\n[0, 0, 0, 0, 0, 0, 0, 0, 1, 0, 0, 0, 0, 0, 0, 0]\n[0, 1, 0, 0, 0, 0, 0, 0, 0, 0, 0, 0, 0, 0, 0, 0]]"] ;
2 -> 3 ;
4 [label="gini = 0.0\nsamples = 1\nvalue = [[0, 0, 0, 0, 0, 0, 0, 0, 1, 0, 0, 0, 0, 0, 0, 0]\n[0, 0, 0, 0, 0, 0, 1, 0, 0, 0, 0, 0, 0, 0, 0, 0]\n[0, 0, 0, 1, 0, 0, 0, 0, 0, 0, 0, 0, 0, 0, 0, 0]]"] ;
2 -> 4 ;
5 [label="X[0] <= 7.0\ngini = 0.583\nsamples = 4\nvalue = [[0, 0, 0, 0, 0, 0, 0, 0, 0, 1, 0, 0, 2, 0, 1, 0]\n[0, 0, 0, 0, 0, 2, 0, 2, 0, 0, 0, 0, 0, 0, 0, 0]\n[1, 0, 0, 0, 2, 1, 0, 0, 0, 0, 0, 0, 0, 0, 0, 0]]"] ;
1 -> 5 ;
6 [label="X[0] <= 5.0\ngini = 0.333\nsamples = 2\nvalue = [[0, 0, 0, 0, 0, 0, 0, 0, 0, 1, 0, 0, 1, 0, 0, 0]\n[0, 0, 0, 0, 0, 2, 0, 0, 0, 0, 0, 0, 0, 0, 0, 0]\n[1, 0, 0, 0, 1, 0, 0, 0, 0, 0, 0, 0, 0, 0, 0, 0]]"] ;
5 -> 6 ;
7 [label="gini = 0.0\nsamples = 1\nvalue = [[0, 0, 0, 0, 0, 0, 0, 0, 0, 1, 0, 0, 0, 0, 0, 0]\n[0, 0, 0, 0, 0, 1, 0, 0, 0, 0, 0, 0, 0, 0, 0, 0]\n[0, 0, 0, 0, 1, 0, 0, 0, 0, 0, 0, 0, 0, 0, 0, 0]]"] ;
6 -> 7 ;
8 [label="gini = 0.0\nsamples = 1\nvalue = [[0, 0, 0, 0, 0, 0, 0, 0, 0, 0, 0, 0, 1, 0, 0, 0]\n[0, 0, 0, 0, 0, 1, 0, 0, 0, 0, 0, 0, 0, 0, 0, 0]\n[1, 0, 0, 0, 0, 0, 0, 0, 0, 0, 0, 0, 0, 0, 0, 0]]"] ;
6 -> 8 ;
9 [label="X[2] <= 69.5\ngini = 0.333\nsamples = 2\nvalue = [[0, 0, 0, 0, 0, 0, 0, 0, 0, 0, 0, 0, 1, 0, 1, 0]\n[0, 0, 0, 0, 0, 0, 0, 2, 0, 0, 0, 0, 0, 0, 0, 0]\n[0, 0, 0, 0, 1, 1, 0, 0, 0, 0, 0, 0, 0, 0, 0, 0]]"] ;
5 -> 9 ;
10 [label="gini = 0.0\nsamples = 1\nvalue = [[0, 0, 0, 0, 0, 0, 0, 0, 0, 0, 0, 0, 0, 0, 1, 0]\n[0, 0, 0, 0, 0, 0, 0, 1, 0, 0, 0, 0, 0, 0, 0, 0]\n[0, 0, 0, 0, 1, 0, 0, 0, 0, 0, 0, 0, 0, 0, 0, 0]]"] ;
9 -> 10 ;
11 [label="gini = 0.0\nsamples = 1\nvalue = [[0, 0, 0, 0, 0, 0, 0, 0, 0, 0, 0, 0, 1, 0, 0, 0]\n[0, 0, 0, 0, 0, 0, 0, 1, 0, 0, 0, 0, 0, 0, 0, 0]\n[0, 0, 0, 0, 0, 1, 0, 0, 0, 0, 0, 0, 0, 0, 0, 0]]"] ;
9 -> 11 ;
12 [label="X[0] <= 13.5\ngini = 0.867\nsamples = 14\nvalue = [[1, 2, 1, 1, 1, 1, 1, 1, 1, 0, 2, 1, 0, 1, 0, 0]\n[1, 1, 4, 3, 2, 1, 2, 0, 0, 0, 0, 0, 0, 0, 0, 0]\n[1, 2, 3, 1, 1, 0, 1, 2, 1, 1, 1, 0, 0, 0, 0, 0]]"] ;
0 -> 12 [labeldistance=2.5, labelangle=-45, headlabel="False"] ;
13 [label="X[2] <= 59.0\ngini = 0.823\nsamples = 9\nvalue = [[1, 0, 0, 1, 1, 1, 1, 0, 0, 0, 2, 1, 0, 1, 0, 0]\n[0, 1, 2, 1, 2, 1, 2, 0, 0, 0, 0, 0, 0, 0, 0, 0]\n[1, 1, 3, 0, 0, 0, 1, 2, 0, 1, 0, 0, 0, 0, 0, 0]]"] ;
12 -> 13 ;
14 [label="X[0] <= 9.0\ngini = 0.708\nsamples = 4\nvalue = [[1, 0, 0, 0, 1, 0, 1, 0, 0, 0, 1, 0, 0, 0, 0, 0]\n[0, 0, 1, 1, 2, 0, 0, 0, 0, 0, 0, 0, 0, 0, 0, 0]\n[1, 0, 0, 0, 0, 0, 1, 1, 0, 1, 0, 0, 0, 0, 0, 0]]"] ;
13 -> 14 ;
15 [label="X[1] <= 117.5\ngini = 0.5\nsamples = 2\nvalue = [[1, 0, 0, 0, 0, 0, 1, 0, 0, 0, 0, 0, 0, 0, 0, 0]\n[0, 0, 1, 1, 0, 0, 0, 0, 0, 0, 0, 0, 0, 0, 0, 0]\n[0, 0, 0, 0, 0, 0, 1, 0, 0, 1, 0, 0, 0, 0, 0, 0]]"] ;
14 -> 15 ;
16 [label="gini = 0.0\nsamples = 1\nvalue = [[1, 0, 0, 0, 0, 0, 0, 0, 0, 0, 0, 0, 0, 0, 0, 0]\n[0, 0, 1, 0, 0, 0, 0, 0, 0, 0, 0, 0, 0, 0, 0, 0]\n[0, 0, 0, 0, 0, 0, 0, 0, 0, 1, 0, 0, 0, 0, 0, 0]]"] ;
15 -> 16 ;
17 [label="gini = 0.0\nsamples = 1\nvalue = [[0, 0, 0, 0, 0, 0, 1, 0, 0, 0, 0, 0, 0, 0, 0, 0]\n[0, 0, 0, 1, 0, 0, 0, 0, 0, 0, 0, 0, 0, 0, 0, 0]\n[0, 0, 0, 0, 0, 0, 1, 0, 0, 0, 0, 0, 0, 0, 0, 0]]"] ;
15 -> 17 ;
18 [label="X[0] <= 12.5\ngini = 0.333\nsamples = 2\nvalue = [[0, 0, 0, 0, 1, 0, 0, 0, 0, 0, 1, 0, 0, 0, 0, 0]\n[0, 0, 0, 0, 2, 0, 0, 0, 0, 0, 0, 0, 0, 0, 0, 0]\n[1, 0, 0, 0, 0, 0, 0, 1, 0, 0, 0, 0, 0, 0, 0, 0]]"] ;
14 -> 18 ;
19 [label="gini = 0.0\nsamples = 1\nvalue = [[0, 0, 0, 0, 1, 0, 0, 0, 0, 0, 0, 0, 0, 0, 0, 0]\n[0, 0, 0, 0, 1, 0, 0, 0, 0, 0, 0, 0, 0, 0, 0, 0]\n[0, 0, 0, 0, 0, 0, 0, 1, 0, 0, 0, 0, 0, 0, 0, 0]]"] ;
18 -> 19 ;
20 [label="gini = 0.0\nsamples = 1\nvalue = [[0, 0, 0, 0, 0, 0, 0, 0, 0, 0, 1, 0, 0, 0, 0, 0]\n[0, 0, 0, 0, 1, 0, 0, 0, 0, 0, 0, 0, 0, 0, 0, 0]\n[1, 0, 0, 0, 0, 0, 0, 0, 0, 0, 0, 0, 0, 0, 0, 0]]"] ;
18 -> 20 ;
21 [label="X[2] <= 117.5\ngini = 0.693\nsamples = 5\nvalue = [[0, 0, 0, 1, 0, 1, 0, 0, 0, 0, 1, 1, 0, 1, 0, 0]\n[0, 1, 1, 0, 0, 1, 2, 0, 0, 0, 0, 0, 0, 0, 0, 0]\n[0, 1, 3, 0, 0, 0, 0, 1, 0, 0, 0, 0, 0, 0, 0, 0]]"] ;
13 -> 21 ;
22 [label="X[2] <= 70.0\ngini = 0.625\nsamples = 4\nvalue = [[0, 0, 0, 1, 0, 1, 0, 0, 0, 0, 1, 1, 0, 0, 0, 0]\n[0, 1, 1, 0, 0, 1, 1, 0, 0, 0, 0, 0, 0, 0, 0, 0]\n[0, 1, 3, 0, 0, 0, 0, 0, 0, 0, 0, 0, 0, 0, 0, 0]]"] ;
21 -> 22 ;
23 [label="X[1] <= 136.0\ngini = 0.5\nsamples = 2\nvalue = [[0, 0, 0, 0, 0, 0, 0, 0, 0, 0, 1, 1, 0, 0, 0, 0]\n[0, 0, 0, 0, 0, 1, 1, 0, 0, 0, 0, 0, 0, 0, 0, 0]\n[0, 1, 1, 0, 0, 0, 0, 0, 0, 0, 0, 0, 0, 0, 0, 0]]"] ;
22 -> 23 ;
24 [label="gini = 0.0\nsamples = 1\nvalue = [[0, 0, 0, 0, 0, 0, 0, 0, 0, 0, 1, 0, 0, 0, 0, 0]\n[0, 0, 0, 0, 0, 0, 1, 0, 0, 0, 0, 0, 0, 0, 0, 0]\n[0, 0, 1, 0, 0, 0, 0, 0, 0, 0, 0, 0, 0, 0, 0, 0]]"] ;
23 -> 24 ;
25 [label="gini = 0.0\nsamples = 1\nvalue = [[0, 0, 0, 0, 0, 0, 0, 0, 0, 0, 0, 1, 0, 0, 0, 0]\n[0, 0, 0, 0, 0, 1, 0, 0, 0, 0, 0, 0, 0, 0, 0, 0]\n[0, 1, 0, 0, 0, 0, 0, 0, 0, 0, 0, 0, 0, 0, 0, 0]]"] ;
23 -> 25 ;
26 [label="X[1] <= 220.0\ngini = 0.333\nsamples = 2\nvalue = [[0, 0, 0, 1, 0, 1, 0, 0, 0, 0, 0, 0, 0, 0, 0, 0]\n[0, 1, 1, 0, 0, 0, 0, 0, 0, 0, 0, 0, 0, 0, 0, 0]\n[0, 0, 2, 0, 0, 0, 0, 0, 0, 0, 0, 0, 0, 0, 0, 0]]"] ;
22 -> 26 ;
27 [label="gini = 0.0\nsamples = 1\nvalue = [[0, 0, 0, 0, 0, 1, 0, 0, 0, 0, 0, 0, 0, 0, 0, 0]\n[0, 0, 1, 0, 0, 0, 0, 0, 0, 0, 0, 0, 0, 0, 0, 0]\n[0, 0, 1, 0, 0, 0, 0, 0, 0, 0, 0, 0, 0, 0, 0, 0]]"] ;
26 -> 27 ;
28 [label="gini = 0.0\nsamples = 1\nvalue = [[0, 0, 0, 1, 0, 0, 0, 0, 0, 0, 0, 0, 0, 0, 0, 0]\n[0, 1, 0, 0, 0, 0, 0, 0, 0, 0, 0, 0, 0, 0, 0, 0]\n[0, 0, 1, 0, 0, 0, 0, 0, 0, 0, 0, 0, 0, 0, 0, 0]]"] ;
26 -> 28 ;
29 [label="gini = 0.0\nsamples = 1\nvalue = [[0, 0, 0, 0, 0, 0, 0, 0, 0, 0, 0, 0, 0, 1, 0, 0]\n[0, 0, 0, 0, 0, 0, 1, 0, 0, 0, 0, 0, 0, 0, 0, 0]\n[0, 0, 0, 0, 0, 0, 0, 1, 0, 0, 0, 0, 0, 0, 0, 0]]"] ;
21 -> 29 ;
30 [label="X[1] <= 220.0\ngini = 0.72\nsamples = 5\nvalue = [[0, 2, 1, 0, 0, 0, 0, 1, 1, 0, 0, 0, 0, 0, 0, 0]\n[1, 0, 2, 2, 0, 0, 0, 0, 0, 0, 0, 0, 0, 0, 0, 0]\n[0, 1, 0, 1, 1, 0, 0, 0, 1, 0, 1, 0, 0, 0, 0, 0]]"] ;
12 -> 30 ;
31 [label="X[0] <= 14.5\ngini = 0.593\nsamples = 3\nvalue = [[0, 1, 0, 0, 0, 0, 0, 1, 1, 0, 0, 0, 0, 0, 0, 0]\n[1, 0, 0, 2, 0, 0, 0, 0, 0, 0, 0, 0, 0, 0, 0, 0]\n[0, 1, 0, 0, 0, 0, 0, 0, 1, 0, 1, 0, 0, 0, 0, 0]]"] ;
30 -> 31 ;
32 [label="gini = 0.0\nsamples = 1\nvalue = [[0, 1, 0, 0, 0, 0, 0, 0, 0, 0, 0, 0, 0, 0, 0, 0]\n[0, 0, 0, 1, 0, 0, 0, 0, 0, 0, 0, 0, 0, 0, 0, 0]\n[0, 0, 0, 0, 0, 0, 0, 0, 1, 0, 0, 0, 0, 0, 0, 0]]"] ;
31 -> 32 ;
33 [label="X[2] <= 39.0\ngini = 0.5\nsamples = 2\nvalue = [[0, 0, 0, 0, 0, 0, 0, 1, 1, 0, 0, 0, 0, 0, 0, 0]\n[1, 0, 0, 1, 0, 0, 0, 0, 0, 0, 0, 0, 0, 0, 0, 0]\n[0, 1, 0, 0, 0, 0, 0, 0, 0, 0, 1, 0, 0, 0, 0, 0]]"] ;
31 -> 33 ;
34 [label="gini = 0.0\nsamples = 1\nvalue = [[0, 0, 0, 0, 0, 0, 0, 1, 0, 0, 0, 0, 0, 0, 0, 0]\n[0, 0, 0, 1, 0, 0, 0, 0, 0, 0, 0, 0, 0, 0, 0, 0]\n[0, 1, 0, 0, 0, 0, 0, 0, 0, 0, 0, 0, 0, 0, 0, 0]]"] ;
33 -> 34 ;
35 [label="gini = 0.0\nsamples = 1\nvalue = [[0, 0, 0, 0, 0, 0, 0, 0, 1, 0, 0, 0, 0, 0, 0, 0]\n[1, 0, 0, 0, 0, 0, 0, 0, 0, 0, 0, 0, 0, 0, 0, 0]\n[0, 0, 0, 0, 0, 0, 0, 0, 0, 0, 1, 0, 0, 0, 0, 0]]"] ;
33 -> 35 ;
36 [label="X[2] <= 161.5\ngini = 0.333\nsamples = 2\nvalue = [[0, 1, 1, 0, 0, 0, 0, 0, 0, 0, 0, 0, 0, 0, 0, 0]\n[0, 0, 2, 0, 0, 0, 0, 0, 0, 0, 0, 0, 0, 0, 0, 0]\n[0, 0, 0, 1, 1, 0, 0, 0, 0, 0, 0, 0, 0, 0, 0, 0]]"] ;
30 -> 36 ;
37 [label="gini = 0.0\nsamples = 1\nvalue = [[0, 0, 1, 0, 0, 0, 0, 0, 0, 0, 0, 0, 0, 0, 0, 0]\n[0, 0, 1, 0, 0, 0, 0, 0, 0, 0, 0, 0, 0, 0, 0, 0]\n[0, 0, 0, 1, 0, 0, 0, 0, 0, 0, 0, 0, 0, 0, 0, 0]]"] ;
36 -> 37 ;
38 [label="gini = 0.0\nsamples = 1\nvalue = [[0, 1, 0, 0, 0, 0, 0, 0, 0, 0, 0, 0, 0, 0, 0, 0]\n[0, 0, 1, 0, 0, 0, 0, 0, 0, 0, 0, 0, 0, 0, 0, 0]\n[0, 0, 0, 0, 1, 0, 0, 0, 0, 0, 0, 0, 0, 0, 0, 0]]"] ;
36 -> 38 ;
}
